0.000147115
0.00010362
0.000103752
0.000104084
0.000103575
0.000137723
0.000104281
0.000103421
0.000103322
0.000139413
0.000103954
0.000103415
0.000103645
0.000137771
0.00010383
0.000103284
0.000137819
0.000103909
0.00010391
0.000104073
0.000104308
0.000103461
0.000104192
0.000103329
0.000103908
0.000103861
0.000137607
0.000104477
0.000104539
0.000103309
0.000103491
0.000103509
0.000103393
0.00010395
0.000103776
0.000105085
0.000103675
0.000103515
0.000104789
0.00010489
0.000103588
0.000103466
0.000103987
0.00010373
0.000104128
0.000103762
0.000102509
0.000103701
0.000103571
0.000102686
0.000105133
0.000103566
0.000103701
0.000104822
0.000103697
0.000103675
0.000104341
0.000103477
0.000104189
0.000188558
0.000112543
0.000103001
0.000149548
0.000134583
0.000102639
0.00010893
0.00010563
0.000113364
0.000109152
0.000104492
0.000104225
0.00010423
0.000104231
0.000118613
0.000118603
0.000283718
0.000103796
0.000121376
0.000110521
0.000327722
0.000102508
0.000102508
0.000102508
0.000102508
0.000102508
0.000102508
0.000102508
0.000102249
0.000102508
0.000102508
0.000102249
0.000102508
0.000102508
0.000102508
0.000102508
0.000102973
0.000143853
0.00013991
0.000109022
0.00011373
0.000103248
0.000102556
0.000103604
0.000102556
0.000103522
0.000102556
0.000102249
0.000334538
0.000139337
0.000116683
0.000103926
0.000103592
0.000103604
0.000103645
0.000103977
0.000173388
0.000162958
0.000112543
0.000105942
0.000105391
0.000120489
0.000103457
0.000105422
0.000109686
0.00010435
0.000103731
0.000118591
0.000102762
0.00010239
0.00010933
0.000104359
0.000160884
0.000102249
0.000102923
0.000114012
0.000275853
0.000103001
0.000116498
0.000102249
0.00010258
0.000105624
0.000109893
0.000300003
0.000107988
0.000108531
0.000108868
0.000110121
0.000109833
0.000111549
0.000107739
0.000107742
0.000107724
0.000107707
0.000159477
0.000110479
0.000135699
0.000102249
0.000102249
0.000102949
0.000328288
0.000102249
0.000103045
0.000103045
0.000103045
0.000102249
0.000102249
0.000104004
0.000120985
0.000117088
0.00010767
0.000102923
0.000102249
0.000102249
0.000102249
0.000102249
0.000102249
0.000114012
0.00011859
0.000102249
0.000105151
0.000111034
0.000103044
0.000103044
0.000102416
0.000102868
0.000104105
0.000104108
0.000104105
0.000102249
0.000102362
0.000146847
0.000111492
0.000102414
0.000102249
0.000110265
0.000103857
0.000109147
0.00011173
0.000110693
0.000107834
0.000102249
0.000102537
0.000102537
0.000102537
0.000102537
0.000102249
0.000102537
0.000110765
0.000110629
0.000110251
0.000102249
0.000313538
0.000102597
0.000108291
0.000108835
0.000102249
0.000130295
0.000103312
0.000103311
0.000120424
0.000118558
0.000102818
0.000102818
0.000102818
0.000109116
0.000102249
0.000103763
0.000102934
0.000106288
0.000102249
0.000104213
0.000103859
0.000104985
0.000104985
0.000102249
0.000102962
0.00011335
0.000118588
0.000114012
0.000103022
0.000108073
0.000102249
0.000102249
0.000102507
0.000104169
0.000119264
0.000105923
0.000102249
0.000102249
0.000102249
0.000102575
0.00011538
0.000119619
0.000112762
0.000102249
0.000120065
0.00010335
0.000114681
0.000102249
0.000282328
0.000115511
0.000102249
0.000107575
0.00010664
0.00010801
0.000108136
0.000105836
0.000103284
0.000104602
0.000107681
0.000116575
0.000120015
0.000166693
0.000187808
0.000104362
0.000115347
0.000119618
0.000118606
0.000120597
0.000102758
0.000119883
0.000119975
0.00011858
0.00011967
0.000103568
0.000118597
0.000118615
0.000118578
0.000118558
0.000123449
0.000115492
0.000119503
0.000113623
0.000104442
0.00011861
0.000138476
0.000108425
0.000112462
0.00010277
0.000109928
0.000115537
0.000102949
0.000283505
0.000103405
0.000174919
0.000177294
0.000117458
0.000116847
0.000116792
0.000145713
0.000123053
0.000107577
0.000114779
0.000121568
0.000102249
0.000104161
0.000102581
0.000119257
0.000103424
0.000102589
0.00014659
0.000120464
0.000110134
0.000102249
0.000102249
0.000118591
0.000102249
0.000144157
0.000107875
0.000187808
0.000109938
0.000103785
0.000110021
0.000102249
0.00010237
0.000102598
0.000154223
0.000102249
0.000102249
0.000102249
0.000102249
0.000102249
0.000102249
0.000102249
0.000102249
0.000102249
0.000102249
0.000102249
0.000102249
0.000103141
0.000122333
0.000102414
0.000238147
0.000193822
0.000103385
0.000102867
0.000103001
0.000103001
0.000103203
0.000102896
0.000102442
0.000105541
0.000102249
0.000113887
0.000119089
0.000114441
0.000118592
0.00010383
0.00010383
0.000102249
0.00010383
0.000105115
0.000103127
0.000113937
0.0001186
0.000118602
0.000114838
0.000103226
0.000102249
0.000104947
0.000102249
0.000102249
0.000103375
0.000104077
0.000119206
0.000102249
0.000102249
0.000112089
0.000102249
0.000106394
0.000102249
0.000111999
0.000104177
0.000147643
0.000187808
0.000118564
0.000118584
0.000102249
0.000118593
0.000202695
0.000178095
0.000102466
0.000102249
0.000102558
0.000102249
0.000102249
0.000102249
0.000102249
0.000102249
0.000102249
0.000102249
0.000104336
0.000102249
0.000102644
0.000103109
0.000118804
0.000102804
0.000105246
0.000202695
0.000114179
0.000102962
0.000102249
0.000102249
0.000102249
0.000102249
0.000102249
0.000102249
0.000102249
0.000102249
0.000102249
0.000104596
0.000104597
0.000104596
0.000104597
0.000102631
0.000104221
0.000102796
0.00010518
0.000102249
0.000110521
0.00035954
0.000107226
0.000107227
0.000107227
0.000107245
0.000105854
0.000104891
0.000104897
0.000104897
0.000104893
0.00010326
0.000104221
0.000113949
0.000102249
0.000102249
0.000109944
0.000104785
0.000106453
0.000102249
0.000149619
0.000102249
0.000327439
0.000102249
0.000104407
0.000104407
0.000104407
0.000105436
0.000102249
0.000121683
0.000102249
0.000137439
0.000109534
0.000118591
0.000105979
0.000104023
0.000102579
0.000102249
0.000102249
0.000103968
0.000102724
0.000102249
0.000102249
0.000102249
0.000102249
0.000102249
0.000102249
0.000113949
0.00010513
0.000118605
0.000121722
0.000114019
0.000102249
0.000283247
0.000113172
0.000119479
0.000113485
0.000153256
0.000148827
0.000103756
0.000103079
0.00011623
0.000105988
0.000102542
0.000102367
0.000104198
0.000102367
0.000102249
0.000102694
0.000106741
0.000102785
0.000102249
0.000103103
0.000118587
0.000102249
0.000103859
0.000102249
0.000104488
0.00010449
0.000104488
0.000102646
0.000102646
0.000102646
0.000102646
0.000134217
0.000173222
0.000102719
0.00010264
0.000126763
0.000107145
0.000102249
0.000110015
0.000114541
0.000110532
0.000110917
0.000122677
0.000102249
0.000103283
0.000103244
0.0001057
0.000103762
0.000108109
0.000104754
0.000104754
0.000104754
0.000104754
0.000104754
0.000103737
0.000103713
0.000105573
0.000103496
0.000103045
0.000102249
0.000108275
0.000102788
0.000102788
0.000102788
0.000104588
0.000120022
0.000102249
0.000119847
0.000108924
0.000108047
0.000102249
0.000102249
0.000143689
0.000104116
0.000103277
0.000283594
0.000115715
0.000119103
0.000102921
0.000109613
0.000238167
0.000103489
0.000103336
0.000103677
0.000104785
0.000115199
0.000103916
0.000103001
0.000155681
0.000109274
0.000102249
0.000103272
0.000102477
0.000102477
0.000103475
0.000103763
0.000150381
0.000102715
0.000104275
0.000102949
0.000102949
0.000106296
0.000102249
0.000102249
0.00011396
0.000109492
0.000102249
0.000102786
0.000102249
0.000106394
0.000118571
0.000153464
0.000103238
0.000115047
0.000102493
0.000119809
0.000115063
0.000118592
0.000351846
0.000105151
0.000103001
0.000103001
0.000103001
0.000103001
0.000103001
0.000103001
0.000103001
0.000103001
0.000103785
0.000103785
0.000103785
0.000103785
0.000103785
0.000104043
0.000171729
0.000103785
0.000103001
0.000105101
0.000103724
0.000104258
0.000103001
0.000103001
0.000103521
0.000103001
0.000104071
0.00010474
0.000103454
0.000105507
0.000104118
0.000103001
0.000104426
0.000103768
0.000105892
0.000103813
0.000104437
0.000104834
0.000104917
0.000103473
0.000103796
0.000103043
0.000103001
0.000103001
0.000103785
0.000103001
0.000104437
0.000104589
0.000104027
0.000103001
0.000103813
0.000103696
0.000105545
0.000179689
0.000171727
0.000103001
0.000104106
0.000103763
0.000104919
0.000103001
0.000104801
0.000173355
0.000105132
0.00010493
0.000103458
0.000103493
0.000105351
0.000190276
0.000104589
0.00012084
0.000103043
0.000103043
0.000103505
0.000103696
0.000103043
0.000189947
0.000103043
0.000103043
0.000103696
0.000103043
0.000104163
0.000172979
0.000104581
0.00017258
0.000103001
0.000104498
0.000104572
0.000189941
0.000103763
0.000103001
0.000172545
0.000103001
0.000173679
0.000172974
0.000104565
0.000103803
0.000103043
0.000104463
0.000103043
0.000103813
0.000103001
0.000103001
0.00010493
0.000172521
0.000103803
0.000103813
0.000104497
0.000103768
0.000103813
0.000103813
0.000104163
0.000103696
0.000103696
0.000103001
0.000103813
0.000103696
0.000103813
0.000103696
0.000103813
0.000105747
0.000103696
0.000104775
0.000103001
0.000104721
0.0001043
0.000105522
0.0001043
0.0001043
0.000105379
0.000104417
0.000104417
0.0001043
0.0001043
0.000107765
0.000103605
0.000104417
0.0001043
0.0001043
0.0001043
0.0001043
0.0001043
0.000104417
0.00010472
0.000104417
0.00010467
0.000104417
0.000104417
0.000104417
0.000234241
0.00015101
0.000200703
0.00010632
0.000159742
0.000105201
0.000103001
0.000147942
0.000205201
0.00011179
0.000105036
0.000103001
0.000103954
0.00010425
0.000145519
0.000103001
0.000103043
0.000106785
0.000104573
0.000104817
0.000104639
0.000104817
0.000104639
0.000104281
0.000114118
0.00011414
0.000114101
0.000105151
0.000105151
0.000108492
0.000104795
0.000104703
0.000103001
0.000103791
0.000103751
0.000103001
0.000103043
0.000103043
0.000103043
0.000128935
0.00012718
0.000127171
0.000127336
0.000127171
0.000127336
0.00012718
0.000127171
0.000127781
0.000127027
0.00010735
0.000107769
0.000103043
0.000113291
0.000112433
0.000112447
0.000112451
0.000112447
0.000112555
0.000112452
0.000113124
0.00011245
0.000106466
0.000105457
0.000103944
0.000103798
0.000103724
0.000106792
0.000103043
0.000103473
0.000103001
0.000111423
0.000105385
0.000104795
0.000103001
0.000104795
0.000111086
0.000147963
0.000110916
0.000103194
0.000106717
0.000103769
0.000102249
0.000109899
0.000109246
0.000102249
0.00010916
0.000135502
0.000102249
0.000102249
0.000102249
0.000102249
0.000102249
0.000102249
0.000105117
0.000102714
0.000105117
0.000103801
0.000102249
0.000102949
0.000102249
0.000102249
0.000102249
0.000102949
0.000118559
0.000122687
0.000108409
0.000329277
0.000102249
0.000103761
0.000102249
0.000103208
0.000102249
0.000102249
0.000102249
0.000103761
0.000104322
0.000103208
0.000102249
0.000102802
0.000103208
0.000103761
0.000103208
0.000102802
0.000102249
0.000102249
0.000102802
0.000103208
0.000103761
0.000103208
0.000103208
0.000103208
0.000103208
0.000103208
0.000103208
0.000102249
0.000113579
0.00011832
0.000102249
0.000102249
0.000103749
0.000102249
0.000103208
0.000103208
0.000102249
0.000110176
0.000102249
0.000105378
0.000107015
0.00010694
0.000102249
0.000102249
0.000111025
0.000112611
0.000112621
0.000112608
0.000107143
0.000105484
0.000102249
0.000102249
0.000103629
0.000102249
0.000102249
0.000102249
0.00010829
0.000108295
0.000103651
0.000102249
0.000109938
0.000102249
0.000103651
0.000102249
0.000102249
0.000102249
0.000108458
0.000108369
0.000102249
0.000107024
0.000102249
0.000105319
0.000103629
0.000102249
0.000102249
0.000102249
0.000104739
0.000105825
0.000104739
0.000123304
0.000123304
0.000123436
0.000123263
0.000103651
0.000102249
0.000102249
0.000102249
0.000102249
0.000113929
0.000102438
0.000102508
0.000102249
0.000102249
0.00010406
0.000114012
0.000102249
0.000118586
0.000102249
0.000115096
0.000120036
0.000103119
0.000102249
0.000102898
0.000113885
0.000102249
0.000118601
0.000104023
0.000103422
0.000149137
0.000102823
0.000111202
0.000102741
0.000118605
0.000118556
0.000113344
0.000117556
0.000114778
0.000141218
0.000103049
0.000103043
0.000104874
0.000104711
0.000103043
0.000103929
0.000103043
0.000104569
0.000103604
0.000102249
0.000102249
0.000102249
0.000117879
0.000102249
0.000102249
0.000103415
0.000110999
0.000103001
0.000223893
0.000219167
0.000103765
0.000116498
0.00010872
0.000102249
0.000104312
0.000113619
0.000113035
0.000115505
0.000103401
0.000103401
0.000103401
0.000103401
0.000103401
0.000103401
0.000103401
0.000113364
0.000118634
0.000102249
0.000103393
0.00010336
0.000102853
0.00010801
0.000103119
0.000102249
0.000103765
0.000102249
0.000274138
0.000102249
0.000102249
0.000102249
0.000107078
0.000113733
0.000118634
0.000102249
0.000115096
0.000118634
0.000102249
0.000102249
0.000102249
0.000102249
0.000102249
0.000102249
0.000102249
0.000102249
0.000102249
0.000114028
0.000102581
0.000104153
0.000118634
0.000118634
0.000123119
0.000110971
0.000119488
0.000104675
0.000104733
0.000104675
0.000107158
0.000102249
0.000120985
0.000103765
0.000284729
0.000103304
0.000103654
0.000103001
0.00010259
0.00010259
0.000102249
0.000102249
0.00010259
0.000102249
0.00010259
0.00010259
0.00010259
0.000102249
0.000102249
0.0001119
0.000102249
0.000153729
0.000102249
0.00010259
0.00010259
0.000102249
0.000102249
0.000103001
0.000102853
0.00010259
0.00010259
0.00010259
0.000102249
0.000103342
0.000112845
0.00010259
0.000102249
0.00010259
0.000120584
0.000102714
0.000105111
0.000102714
0.000102249
0.000102714
0.00012326
0.000108409
0.000334672
0.000102249
0.000102249
0.000102249
0.000102249
0.000102249
0.000102249
0.000102249
0.000102249
0.000102249
0.000102249
0.000103624
0.000102249
0.000102249
0.000102249
0.000102249
0.000102249
0.000102249
0.000103186
0.000136914
0.000107822
0.000105099
0.000105128
0.000102249
0.000102249
0.000103045
0.000113619
0.000108078
0.000113364
0.000102249
0.000114028
0.000114028
0.000118634
0.000134867
0.000103925
0.000283433
0.000174563
0.0001119
0.000103001
0.000115096
0.000120584
0.000110683
0.000118433
0.000119129
0.000102249
0.000110566
0.000102249
0.000102249
0.000103534
0.000102249
0.000102249
0.000102249
0.000102249
0.000102249
0.000102249
0.000102249
0.000103243
0.000107145
0.000106362
0.000102249
0.000108172
0.000107945
0.000104698
0.000102249
0.000102249
0.000102249
0.000102537
0.000102249
0.000102249
0.000102249
0.000102249
0.000102249
0.000102249
0.000102249
0.000102249
0.000137723
0.000103043
0.000290164
0.000102249
0.000102249
0.000102249
0.000102249
0.000105488
0.000103208
0.000102249
0.000118634
0.000102249
0.00010349
0.000102572
0.000272828
0.000102814
0.000102249
0.000102814
0.000102249
0.000102249
0.000102249
0.000102249
0.000118634
0.00010812
0.000274817
0.000102249
0.000103765
0.000110566
0.000102249
0.000109944
0.000107595
0.000102581
0.000120476
0.000102249
0.000102249
0.000102249
0.000103481
0.000112359
0.000102249
0.000106389
0.000102249
0.000102249
0.000112359
0.000102249
0.000147943
0.000103483
0.000187808
0.00010449
0.000104328
0.000104092
0.000103765
0.000102249
0.000103786
0.000102249
0.000102249
0.000102249
0.000102796
0.000102249
0.000114028
0.000118634
0.000102622
0.000115096
0.000299247
0.000102249
0.000102249
0.000102249
0.000102249
0.000102249
0.000102249
0.000102249
0.000102249
0.000102249
0.000102249
0.000102249
0.000103758
0.000103043
0.000118382
0.000347584
0.000218956
0.000122321
0.000107078
0.000107078
0.000110235
0.000102249
0.000102636
0.000102249
0.000112371
0.000102249
0.000106362
0.000102249
0.000102249
0.000102414
0.000102249
0.000102249
0.000102249
0.0001143
0.000103043
0.000103043
0.000102249
0.000103043
0.000102249
0.000292819
0.000113364
0.000102249
0.000103043
0.000102249
0.000102249
0.000103043
0.000103043
0.000102249
0.000102249
0.000102249
0.000289619
0.000102249
0.000102249
0.000103025
0.000102249
0.000102249
0.000102249
0.00014238
0.000102636
0.000102249
0.000102249
0.000102636
0.000102249
0.000102249
0.000102636
0.000103043
0.000102249
0.000102249
0.000103043
0.000123563
0.000114028
0.000114028
0.000102249
0.000102249
0.000102249
0.000102636
0.000102249
0.000102249
0.000103043
0.000102249
0.000103043
0.000103208
0.000146299
0.000102249
0.000103043
0.000104552
0.000102249
0.000102249
0.000103043
0.000120361
0.000120745
0.000119255
0.000119769
0.000122674
0.000118634
0.000120985
0.000118634
0.000118634
0.000118634
0.000118634
0.000118634
0.000120682
0.000118634
0.000102249
0.000103043
0.000102249
0.000102249
0.000102249
0.000102249
0.000102636
0.000102249
0.000102249
0.000127821
0.000102249
0.000338769
0.000147506
0.000204828
0.000410691
0.000102249
0.000102249
0.000102636
0.000102249
0.000102249
0.000102249
0.000141667
0.000102249
0.000102249
0.000102249
0.000102249
0.000174676
0.000103047
0.000102249
0.000102249
0.00012887
0.000102249
0.000102249
0.000102249
0.000102249
0.000106977
0.000102249
0.000107198
0.000102249
0.000106134
0.000102249
0.000106977
0.000103651
0.000102249
0.000102249
0.000102249
0.000102249
0.000102249
0.000104733
0.000114606
0.000102249
0.000113254
0.000102249
0.000131023
0.000111401
0.000104739
0.000148818
0.000103651
0.000111401
0.000110354
0.000102249
0.000102249
0.000102249
0.000102249
0.000102639
0.000102249
0.000102249
0.000102249
0.000102249
0.000102249
0.000102249
0.000102636
0.000102249
0.000117778
0.000102249
0.000182808
0.000102249
0.000102249
0.000102249
0.000102249
0.000102249
0.000102249
0.000102249
0.000103208
0.000102249
0.000102249
0.000105111
0.000118634
0.000114028
0.000102534
0.000103001
0.000104575
0.000104317
0.000102646
0.000102646
0.000102249
0.000102249
0.000102249
0.000102249
0.000102249
0.000109944
0.000102249
0.000330978
0.000102249
0.000102249
0.000102249
0.000102249
0.000102249
0.000102249
0.000102249
0.000102249
0.000102249
0.000102249
0.000102249
0.000102249
0.000102249
0.000102249
0.000110566
0.000118634
0.000102249
0.000102249
0.000114028
